Python:  4.327438592910767
Scipy:  0.05278372764587402
Cython:  0.1119389533996582
